# File contains mean Jan-Apr SIE from historical
#  ice atlas (University of Alaska) for years
#  1850-2018 
# 
3.485350115941658888e-01
2.283299413304187009e-01
2.148848417395062549e-01
2.148848417395062549e-01
2.598873911091103550e-01
2.601428186228886275e-01
2.489304619414061115e-01
1.871683554863318999e-01
2.357166558865584349e-01
3.877634803252607010e-01
4.114361663780428668e-01
2.606567312828175220e-01
3.431044105748772277e-01
2.482288563001684711e-01
4.193883889802515474e-01
3.420638893891632115e-01
2.536007526315465221e-01
2.550879454066931618e-01
2.901543739992678006e-01
2.385566279218822583e-01
2.319751557022511901e-01
2.515999530645989246e-01
2.849044309714182655e-01
2.739662729096330462e-01
1.996033494745731163e-01
3.005305116418651723e-01
2.919167959651946531e-01
2.926174378673404020e-01
2.935803673005618064e-01
2.448129612038232317e-01
3.610386868765793622e-01
2.726500190635621212e-01
2.960960592408664604e-01
3.427004251226596909e-01
3.205082533459365224e-01
3.538777878972702018e-01
3.554257561031438639e-01
2.978852632330670769e-01
3.054696189244613391e-01
3.070523895801745007e-01
2.845997916808888362e-01
3.043817407102368255e-01
2.736042563142679351e-01
3.499455054314643543e-01
3.379365019016757343e-01
2.935555228001974215e-01
2.931223655277788165e-01
3.208457500174373145e-01
2.841869255753554091e-01
3.752509829391703633e-01
2.965841383500121275e-01
2.671035203840173566e-01
2.935007608214661445e-01
3.205392322779565539e-01
3.486038482068024580e-01
3.468223771631665509e-01
3.563371168543628675e-01
3.485671062708012302e-01
3.240836360994443499e-01
3.731225542902052439e-01
3.646858293570860998e-01
3.539997047011316234e-01
2.877500739361859572e-01
2.936985906625218523e-01
2.434348452881432978e-01
1.620912784460656342e-01
2.729630943110070707e-01
2.700956272965043814e-01
2.589548255816392364e-01
2.724477996388688372e-01
2.818208012237526372e-01
2.714927548502221732e-01
2.656543267371609951e-01
2.406205209808624512e-01
1.693889175132713976e-01
2.471846479144088615e-01
2.232037684389338028e-01
2.291709653258025836e-01
2.420883642094633914e-01
2.418290805929713128e-01
2.488055734983422029e-01
1.947246251710377796e-01
2.456501676194615402e-01
2.088763022562488691e-01
3.246396735365219000e-01
2.312326538576178203e-01
2.675846013010106939e-01
2.447840157297052344e-01
2.784758213869183985e-01
2.102496675006605975e-01
1.735467535469904510e-01
2.198137861574888108e-01
2.027315976408287923e-01
1.294896974479176066e-01
2.774872113599046730e-01
1.426828027921899777e-01
2.703359461375967054e-01
2.168107030190080109e-01
2.214489349933974616e-01
2.542932405665107032e-01
2.186281176314748553e-01
2.205154304993786063e-01
2.240905325699873440e-01
4.756053481146894080e-01
3.766508533442899376e-01
3.905181757602192438e-01
5.181707925830244532e-01
3.826655744657449509e-01
3.363112385317637565e-01
3.071494584904864156e-01
3.894646985453493748e-01
3.904028693796686156e-01
2.821488460691466971e-01
3.904919246986388592e-01
3.619805177769265803e-01
3.684815867035910464e-01
2.426065405784711138e-01
2.671935458501554783e-01
1.931698930403478176e-01
3.247696583659805403e-01
2.976117922796301385e-01
4.705146032342366613e-01
3.547427992985255352e-01
3.908140724576533165e-01
3.581657537904537891e-01
5.431750220021606124e-01
5.670919734626694853e-01
4.405781392283923958e-01
3.039283405550405326e-01
4.965254634223877778e-02
1.967278463143646294e-01
1.419519765365198083e-01
2.158527859679221783e-01
1.554024480037771161e-01
6.731505146991610677e-02
1.767314578485608134e-01
8.148029256052299885e-02
2.187418733894661016e-01
1.743777999961085290e-01
1.251176634097434515e-01
2.591405836679033792e-01
1.910965552798032374e-01
3.276649228403367142e-01
2.309952240844018734e-01
1.156733362077526639e-01
2.070813015689484671e-01
8.219394020313321170e-02
8.799575736172496332e-02
1.758421131543554394e-01
3.715563981534495408e-01
2.136730450058482722e-01
1.484600135752089378e-01
2.503012056637115568e-01
1.275428468938104853e-01
1.543001589953176544e-01
1.885010513090424056e-01
1.391995395070038666e-01
1.207199336058832478e-01
2.636952647115715087e-01
2.968032692145577967e-01
2.204806266681916815e-01
8.292169926017076143e-02
2.880708504930369340e-01
2.529744896170325608e-01
3.006135011609345140e-02
3.601704247753024363e-02
7.114419300084859343e-02
9.668845075226052688e-02
6.585301623938977743e-03
