# File contains March SIE from historical
#  ice atlas (University of Alaska) for years
#  1850-2018 
# 
4.498363543581039292e-01
3.392685792304187542e-01
3.393897340292155174e-01
3.393897340292155174e-01
3.993472617810785441e-01
3.858621810233384686e-01
4.064120778856039062e-01
3.666614045531541577e-01
4.439163781017273491e-01
5.093936001187174822e-01
5.674387404191404416e-01
4.511945502135962238e-01
5.093936001187174822e-01
3.848273836594879316e-01
5.674387404191404416e-01
5.093936001187174822e-01
3.913429683169304396e-01
3.913429683169304396e-01
4.225856129083931378e-01
3.848273836594879316e-01
2.796654447676509281e-01
3.627345692901104979e-01
3.459153054495484048e-01
4.319850066471636607e-01
1.818309102152526335e-01
4.252017187116264862e-01
4.252017187116264862e-01
3.725879886249034989e-01
4.252017187116264862e-01
3.188876908442765945e-01
4.508864015671908976e-01
3.907521161984979230e-01
4.252017187116264862e-01
3.711605257094592325e-01
4.202967990474790749e-01
4.202967990474790749e-01
4.202967990474790749e-01
3.035587929457485568e-01
4.202967990474790749e-01
3.875389357255339950e-01
3.035587929457485568e-01
4.014219015789806111e-01
2.851879195645839471e-01
4.202967990474790749e-01
4.202967990474790749e-01
3.158734057928681005e-01
4.252017187116264862e-01
3.972559562855869086e-01
3.296214636491239247e-01
4.319850066471636607e-01
3.404950973551183480e-01
1.901460467670023635e-01
1.265885940298676349e-01
3.015579609543949102e-01
3.506343188507050623e-01
3.766040087841749373e-01
3.546215350637763053e-01
3.439669211872219967e-01
3.290240038987338744e-01
3.886679944657027708e-01
3.402036240356117736e-01
3.948146443391382654e-01
2.009690061875969158e-01
3.711605257094592325e-01
3.546215350637763053e-01
1.196721215371399916e-01
2.816788898242652550e-01
3.711605257094592325e-01
3.546215350637763053e-01
3.711605257094592325e-01
3.711605257094592325e-01
3.945881899722784025e-01
3.627345692901104979e-01
3.528575017934470481e-01
1.052415473942339280e-01
3.157575781113236557e-01
3.180075346833526884e-01
2.846800581975430511e-01
2.869029335984915052e-01
3.196546392752677157e-01
3.689532203282773204e-01
1.198137913727968656e-01
3.050919636661112433e-01
1.931278324184715622e-01
3.765946500585853340e-01
3.435151111347526376e-01
3.667391300212144989e-01
3.059389542164623332e-01
4.481586633202254144e-01
2.130208566010147464e-01
2.216329295003443833e-01
1.425857369827449039e-01
1.661366041984230213e-01
9.877280774398146390e-02
1.577384104759752548e-01
9.440225719259379145e-02
1.273758446212053252e-01
1.373299934768527630e-01
2.670791546723932375e-01
2.948459628298372159e-01
1.160458432877808782e-01
1.301037734367847531e-01
1.584662064109742530e-01
5.891557199854583482e-01
4.511244107382326729e-01
4.411349667961418364e-01
7.087417121895879246e-01
5.606179112003057963e-01
4.179290760700641871e-01
3.567618962495028856e-01
4.537453485975920797e-01
5.068396878224760149e-01
3.880300345287204244e-01
5.183013195425898445e-01
4.516161383582353861e-01
3.936420005026936009e-01
1.985852371586382115e-01
3.085428618171721649e-01
1.623883801254451253e-01
4.920198491999774881e-01
2.700512300826340417e-01
6.064486228575139970e-01
3.573115885965912342e-01
5.438365527914166275e-01
4.791201627599358526e-01
6.662395273589909461e-01
6.780359061930776310e-01
4.659739472048729514e-01
4.220354334328949020e-01
7.816012287951705495e-02
1.271066704202800934e-01
1.493539585343122422e-01
2.833415075771689162e-01
2.023126184084862444e-01
7.967378218923211464e-02
2.012292445730209378e-01
1.296084499346852326e-01
3.431312546127557317e-01
2.685733814171611944e-01
0.000000000000000000e+00
3.301111933021068090e-01
3.154703942592977928e-01
4.283032789150565955e-01
1.423377124589353671e-01
1.218508897269129782e-01
3.357715743192046798e-01
1.024719015912860659e-01
1.743713240965396039e-01
1.761134194849431345e-01
3.821294212769954513e-01
1.245803669812619585e-01
1.782551188007414078e-01
2.266535323834717175e-01
1.651925685989588388e-01
2.794187636471063274e-01
2.031850346682548270e-01
1.881374256045281745e-01
1.398576642548471638e-01
3.144575755873024736e-01
2.590570592750996437e-01
3.506120911953538033e-01
6.252758860593735091e-02
3.105919145230203737e-01
2.617868677776842845e-01
3.143949834727644693e-02
5.301201796267628052e-02
7.393514976037740549e-02
2.894936926755696249e-01
2.542248059546053235e-02
