# File contains February SIE from historical
#  ice atlas (University of Alaska) for years
#  1850-2018 
# 
3.414402932863384588e-01
1.726709152943998737e-01
2.619197994508743466e-01
2.619197994508743466e-01
1.413793220355957780e-01
1.383577680021047529e-01
2.930640756051658968e-01
2.098668076522857140e-01
1.428308305282563195e-01
4.347308710140168064e-01
4.840293662744670766e-01
1.505555589415072948e-01
4.347308710140168064e-01
1.276538823948860091e-01
4.840293662744670766e-01
4.347308710140168064e-01
1.377075165041536098e-01
1.377075165041536098e-01
3.264858192448795160e-01
1.276538823948860091e-01
2.125495930742412609e-01
1.974772858871131909e-01
2.993501328851401189e-01
2.349701114057362039e-01
1.212176725456774184e-01
2.917238584264963963e-01
2.383287363347738885e-01
3.164113313534110961e-01
2.057848051509112153e-01
2.450218044984698029e-01
2.917238584264963963e-01
1.272430886599808797e-01
1.645171122008204367e-01
2.917238584264963963e-01
1.543910579143106809e-01
2.324677830894887054e-01
3.039890993293553612e-01
2.110124344671905072e-01
1.459948766716271662e-01
2.127674163244545336e-01
2.716261593798101059e-01
1.757288239363938298e-01
1.997708094202190476e-01
2.917238584264963963e-01
2.964915955359905264e-01
2.222313534197062346e-01
2.057848051509112153e-01
2.185816207868605809e-01
1.496515527471244389e-01
4.183970494682341945e-01
1.020361381635337961e-01
1.068302295917540612e-01
3.247626764003604394e-01
2.124383628834367044e-01
2.018168148623973035e-01
2.268594240942448381e-01
2.124383628834367044e-01
2.732707206648289922e-01
1.761006865118563136e-01
2.489470001423567669e-01
1.997708094202190476e-01
2.238982541059166276e-01
1.676354008299112408e-01
1.496515527471244389e-01
1.543910579143106809e-01
1.288879934591412590e-01
2.955225851080476862e-01
3.092160329280465580e-01
2.336133322738200291e-01
2.016244188347786626e-01
2.717887422637730865e-01
1.957161533544659604e-01
1.957161533544659604e-01
2.051997027388423323e-01
1.730354129385918149e-01
1.592935019289225262e-01
1.459948766716271662e-01
2.222313534197062346e-01
1.870504380727439908e-01
2.618994726440816989e-01
1.296144159336745372e-01
1.830913087662428829e-01
1.757288239363938298e-01
1.467147781779855331e-01
4.145274534326106042e-01
1.350463590379297474e-01
1.459948766716271662e-01
1.687645344264954439e-01
1.727302602224677630e-01
1.496515527471244389e-01
2.897767511481285085e-01
3.120201981078028486e-01
3.120201981078028486e-01
7.831711516998708655e-02
3.917499654674231890e-01
2.776388615503758150e-01
4.447644607762277769e-01
2.152728784076660684e-01
2.042871501198798290e-01
1.957161533544659604e-01
2.268378014804869613e-01
2.334899050039112300e-01
2.211591098734497773e-01
5.115096351245730366e-01
5.507686717193573944e-01
4.758056351147145202e-01
5.717428642587333298e-01
4.014570098797529685e-01
5.706605763112931884e-01
3.841395522005141006e-01
4.760159207480459953e-01
4.133766922012716560e-01
2.883882875080257535e-01
3.046260167560577159e-01
3.603490981890469791e-01
4.378516593429893078e-01
2.777508143291265164e-01
3.780664033942758295e-01
2.496742288881182714e-01
2.797599756499916102e-01
3.961482117232322797e-01
6.434761844133735087e-01
2.801666741314112752e-01
4.719189195659160840e-01
4.687373655501604341e-01
4.936451212133408095e-01
5.623615143321841758e-01
3.970795481668263904e-01
3.502123037837653885e-01
3.279638908747136566e-02
3.343479615913270697e-01
2.585619938155591102e-01
1.316862845081031019e-01
2.330050790766269031e-01
1.051009463660418919e-01
5.947825192911922187e-02
8.493541404061316635e-02
2.487189967406272795e-01
2.663110436169534023e-01
1.377446692448258403e-01
4.176639605541765943e-01
2.004673488698243966e-01
3.544916359580963516e-01
4.008730006693989045e-01
8.821013827146886865e-02
2.372998583365440173e-01
1.992197943958073647e-01
8.801083259548841964e-02
3.575659306808829374e-01
3.450708779920309555e-01
7.103500852238833763e-02
9.166514089263975984e-02
3.829353247802138038e-01
2.240215851285874971e-01
1.048046838408350917e-01
3.243823815305590386e-01
7.854632654562591909e-02
6.777611219336986126e-02
3.141093352662831517e-01
3.401056540684253005e-01
2.410153804043322356e-01
1.222778032234311113e-01
2.601739874701052835e-01
3.937026208786160164e-01
8.035363691189885069e-03
2.465228981558084329e-02
1.230156929442137448e-01
7.224397035303414816e-02
3.082960894703865072e-04
