# File contains January SIE from historical
#  ice atlas (University of Alaska) for years
#  1850-2018 
# 
6.525271805982618689e-01
5.771915629341304310e-01
5.374902630820452831e-01
5.374902630820452831e-01
6.606729181136935525e-01
6.708902154924869521e-01
6.720193373963385675e-01
6.449519283869833419e-01
7.410348328841537269e-01
7.517465480826646118e-01
7.640517583908379429e-01
7.273410484280914412e-01
7.517465480826646118e-01
6.728567518509089851e-01
7.640517583908379429e-01
7.517465480826646118e-01
6.842814961178184108e-01
6.842814961178184108e-01
7.160501108405261661e-01
6.728567518509089851e-01
5.608728919370650212e-01
7.031656442114472272e-01
7.170186464747458910e-01
6.726879997207522166e-01
7.258025849350125958e-01
7.258025849350125958e-01
7.349289306705565350e-01
7.536202334834396499e-01
7.349289306705565350e-01
6.342756852020084990e-01
7.349289306705565350e-01
7.134786682722926709e-01
7.349289306705565350e-01
7.258025849350125958e-01
7.349289306705565350e-01
7.258025849350125958e-01
7.349289306705565350e-01
7.349289306705565350e-01
7.227544387847125718e-01
6.911751783742696720e-01
7.349289306705565350e-01
7.349289306705565350e-01
7.349289306705565350e-01
7.258025849350125958e-01
7.349289306705565350e-01
7.258025849350125958e-01
6.302439236212671325e-01
7.349289306705565350e-01
7.349289306705565350e-01
7.349289306705565350e-01
7.349289306705565350e-01
6.657831637896268751e-01
6.351257983768373583e-01
6.366195638776958043e-01
7.306612625242859815e-01
7.001341011453002805e-01
7.258025849350125958e-01
7.115090722696603143e-01
6.772541425655245195e-01
7.349289306705565350e-01
6.836177604001760777e-01
7.007662788884641003e-01
7.258025849350125958e-01
7.258025849350125958e-01
7.060941381937205774e-01
6.865514428605765662e-01
7.258025849350125958e-01
6.669687424248934571e-01
6.736379327447683529e-01
7.349289306705565350e-01
7.349289306705565350e-01
7.115090722696603143e-01
7.258025849350125958e-01
6.697883752098352517e-01
6.966649887203187896e-01
6.997806849101096960e-01
6.638488232327818261e-01
6.669687424248934571e-01
7.258025849350125958e-01
6.409505584650367904e-01
7.142840667870253846e-01
7.163115058893979592e-01
7.224201683215440983e-01
7.142840667870253846e-01
7.294581608619362667e-01
6.560606206144183883e-01
7.211278144724369010e-01
7.478075134707511396e-01
7.224201683215440983e-01
6.832479267430842107e-01
7.137564220501334544e-01
5.370876490784556312e-01
5.370876490784556312e-01
6.843474196523547937e-01
7.462351000598670403e-01
7.043136938063949692e-01
7.224201683215440983e-01
7.258025849350125958e-01
6.775081017930686400e-01
7.258025849350125958e-01
7.258025849350125958e-01
7.133116355011434040e-01
7.268389791822286172e-01
6.366921547229796863e-01
7.749663678566635072e-01
6.642732852905988139e-01
7.758383173012793899e-01
8.210664690674186472e-01
7.706090708113044752e-01
6.619336851462482851e-01
7.075058857556104641e-01
6.388434648917793446e-01
5.027761077027349534e-01
6.669370581001222709e-01
6.718600919850825637e-01
7.297130199254960869e-01
6.143190770631551390e-01
6.887461951991914466e-01
6.319042836909265493e-01
5.899209126036285555e-01
6.826308383566708216e-01
7.999351849181265406e-01
6.022281003362953689e-01
6.881990515239000406e-01
7.148015789687008903e-01
7.540890405275881836e-01
8.381621669202179437e-01
7.044383640596301177e-01
5.404940306122124616e-01
3.797339157479613925e-01
7.348254001670777580e-01
6.503328295496434430e-01
5.039596918788015190e-01
6.160600717068851484e-01
5.157880058123827105e-01
3.286849072258054560e-01
5.612157627260178083e-01
5.283724252538442023e-01
4.832265899123310837e-01
7.866260897817431985e-01
6.226368108230054821e-01
6.050283438652545032e-01
6.764448463815599943e-01
7.689388054839789710e-01
5.635437292204856785e-01
7.416475594457060394e-01
4.434579740588218133e-01
6.625950132156193106e-01
7.155295185408949710e-01
6.222288856134504664e-01
8.727322049915283708e-01
4.727663436873763558e-01
7.415785256213784926e-01
5.095111180420726082e-01
4.962198064055860502e-01
4.830921494639545122e-01
5.520567504532396530e-01
5.886572086776286072e-01
6.423545301992774625e-01
7.731573119029790941e-01
6.181965346731335131e-01
5.784019078316241513e-01
6.599372057860583007e-01
5.821299670306921969e-01
4.787377007911772231e-01
3.541029865620910488e-01
3.974597131785153059e-01
3.992299542352020780e-01
2.592436923445909369e-01
