# File contains mean Jan-Apr SIE from NSIDC
#  Sea Ice Index v3 for years 1979-2018 
# 
4.808332837500000623e-01
7.469827609999999396e-01
6.673473277500000522e-01
5.775734695000001029e-01
7.131768334999999404e-01
7.346212182500000409e-01
6.002280030000000099e-01
6.483522877499999781e-01
6.390757207500000758e-01
nan
5.372903647500000268e-01
7.261433480000000218e-01
7.507714090000000562e-01
7.409802187499999748e-01
6.525127842499999220e-01
6.950161857500001261e-01
8.050714315000000454e-01
5.174060992500000289e-01
6.428410239999999831e-01
7.691212872500000630e-01
7.948109169999999501e-01
7.629022089999999423e-01
5.334600477499999993e-01
6.934962642499999941e-01
5.426835309999999968e-01
5.746134647499999692e-01
5.787650534999999596e-01
7.129398837500000585e-01
6.625427919999999915e-01
8.164265627500000289e-01
8.279589745000000001e-01
8.103549747500000677e-01
6.305624655000000578e-01
9.569464362499999766e-01
8.232493914999999829e-01
5.929109862500000494e-01
5.014832209999999790e-01
5.587995365000000270e-01
4.750831925000000289e-01
2.429537534999999804e-01
