# File contains mean Jan-Apr SIE from historical
#  ice atlas (University of Alaska) for years
#  1850-2018 
# 
8.005416259996988027e-01
7.770651117584936873e-01
7.094269523040227510e-01
7.094269523040227510e-01
8.138064308820559534e-01
8.295229502879567507e-01
8.323820841441512686e-01
8.287257974653072790e-01
8.769026622009084004e-01
8.748657108886361833e-01
9.023288943580292099e-01
8.626091563563168529e-01
8.705717524642773153e-01
8.051799715655461043e-01
8.984707681250073685e-01
8.624682748572998214e-01
7.952283037931159315e-01
8.044898027350627645e-01
8.133113428566880465e-01
8.036256493396454204e-01
6.399952519999132505e-01
8.017573775250264045e-01
7.362039756644651600e-01
7.387115360314637780e-01
7.658590893225640794e-01
7.768877387772217258e-01
7.984667389922105452e-01
7.542207654419958995e-01
7.541682563146592244e-01
6.901357301457942128e-01
8.132640888847126881e-01
7.580706885754324720e-01
7.914683031208679109e-01
8.077380374643013949e-01
8.064236493713961007e-01
8.052251826910429289e-01
8.097657094469309369e-01
8.266481673714161094e-01
7.605990511734374016e-01
7.689524522097260784e-01
7.885283111817271706e-01
7.923131465874687640e-01
7.636450233581655311e-01
8.000344113955260017e-01
8.124543551346221637e-01
7.602508415515728535e-01
7.513866589627957726e-01
8.038853454574012014e-01
7.707151887846717120e-01
8.065603392034694785e-01
7.612337399481162725e-01
8.644873023110308807e-01
8.513386555388158250e-01
7.490056015931554345e-01
7.995535564749800539e-01
7.864169164310612636e-01
7.919185262631848188e-01
7.629445651064336031e-01
7.600942631035917385e-01
8.242527737487108652e-01
8.142707899018309936e-01
7.925317336654372768e-01
7.412916472878449126e-01
7.844855265180856740e-01
7.580466478243343964e-01
7.527532916177681610e-01
7.784877163206272987e-01
7.608151575063608618e-01
7.559601978105561226e-01
7.741895582335591719e-01
7.620348652734861838e-01
7.816217196727820449e-01
7.586122053524427811e-01
7.499671187391609983e-01
7.414569844236239549e-01
7.413859418910115906e-01
7.020129782282404918e-01
7.053968950823471529e-01
7.030824859215394351e-01
7.026141765407234452e-01
7.359836293804906671e-01
7.186827139029510203e-01
7.567605580127992893e-01
7.443210902933679041e-01
8.126536713111348620e-01
7.608980411431514046e-01
7.540847443253226867e-01
7.539293140234359925e-01
7.865093445416689866e-01
7.199633690470210734e-01
7.378251175066337098e-01
7.235251739014157968e-01
6.919806821064004021e-01
7.987107011741376716e-01
8.049635897827946973e-01
7.964228640805415260e-01
7.689319587413722124e-01
7.828523496615253929e-01
7.572862302888774266e-01
7.850353991166710843e-01
7.799760140188798374e-01
7.538081404302909849e-01
7.439631380861133625e-01
8.057784922594651844e-01
8.433714273777739301e-01
7.639213034332855701e-01
9.187854218352922153e-01
8.366904079330400590e-01
7.503624623449304254e-01
7.889052722413979479e-01
7.560387797426186829e-01
8.187775991387055141e-01
6.392331591595381557e-01
7.982130315309793334e-01
8.566507208912819138e-01
7.774188675987847574e-01
7.050704566808470020e-01
6.457449501672148928e-01
7.585862645036429708e-01
6.765796988325394334e-01
7.493940259155221773e-01
9.373655003667862307e-01
8.320142623993821429e-01
7.978851626898690874e-01
8.556339467340775551e-01
8.954805882493607205e-01
9.640874783029034223e-01
7.254116638646058712e-01
6.320698851627059023e-01
4.681284659741252741e-01
7.718550872553766595e-01
6.287039805275156379e-01
6.591372247607908408e-01
6.572423973003715947e-01
7.591674900010801919e-01
6.204281966868765430e-01
7.249026902836963604e-01
5.797745108015797122e-01
6.844220856481567639e-01
6.779874586109122525e-01
7.195990893175348013e-01
7.403853963123455673e-01
7.889235788191251153e-01
7.068398262563944101e-01
6.854156942552961373e-01
8.466249019357234840e-01
5.017107697868965488e-01
7.454095279991143075e-01
7.056517545700551342e-01
7.443845038109055956e-01
6.647870945099667583e-01
4.701373178502619155e-01
7.014540026195414946e-01
5.791033081851608699e-01
5.782883634484328184e-01
5.586981767005980704e-01
6.256694954093650063e-01
6.435548947075664383e-01
7.989787009776376792e-01
7.926293395301022837e-01
7.667465946066425175e-01
6.847314477021531065e-01
8.173933443435459356e-01
7.424805900369071399e-01
5.617964163915148967e-01
5.323622778800606303e-01
4.865305365573830421e-01
5.313996245844752053e-01
2.178006248731769179e-01
