# File contains January SIE from historical
#  ice atlas (University of Alaska) for years
#  1850-2018 
# 
2.676717079917073083e-01
1.231590733120113551e-01
1.546746842180609649e-01
1.546746842180609649e-01
6.719318323101698687e-02
8.472152807736096913e-02
1.257122753320664144e-01
8.281922104530631268e-02
1.626143400043517095e-01
1.971455513483703070e-01
2.095185615536808987e-01
1.065823647998422330e-01
1.971455513483703070e-01
6.232097329843341860e-02
2.095185615536808987e-01
1.971455513483703070e-01
7.537736899603603158e-02
7.537736899603603158e-02
1.738058808133065569e-01
6.232097329843341860e-02
2.113936231890797823e-01
1.988170764186054373e-01
3.101407277849048127e-01
2.196194637177884545e-01
3.156833150677203492e-01
3.156833150677203492e-01
3.056171668228804816e-01
2.972588737249672319e-01
3.056171668228804816e-01
1.974584824370324565e-01
3.056171668228804816e-01
2.267956878114342489e-01
3.056171668228804816e-01
3.156833150677203492e-01
3.056171668228804816e-01
3.156833150677203492e-01
3.056171668228804816e-01
3.056171668228804816e-01
3.026259865422546991e-01
2.097461990416616129e-01
3.056171668228804816e-01
3.056171668228804816e-01
3.056171668228804816e-01
3.156833150677203492e-01
3.056171668228804816e-01
3.156833150677203492e-01
2.237252314459204361e-01
3.056171668228804816e-01
3.056171668228804816e-01
3.056171668228804816e-01
3.056171668228804816e-01
2.228564361273795147e-01
2.197213017555445513e-01
2.160371336355149663e-01
2.996636120878368170e-01
2.944520144020646435e-01
3.156833150677203492e-01
2.871412499903500115e-01
2.291156204356938619e-01
3.056171668228804816e-01
2.891977690103381682e-01
2.782025314129084603e-01
3.156833150677203492e-01
3.156833150677203492e-01
2.790053399185954963e-01
2.129579903721421641e-01
3.156833150677203492e-01
2.212891804496139314e-01
2.576738014229535967e-01
3.056171668228804816e-01
3.056171668228804816e-01
2.871412499903500115e-01
3.156833150677203492e-01
2.267001685951411383e-01
2.101549267853557723e-01
3.349707415184915438e-01
2.500958923018575253e-01
2.212891804496139314e-01
3.156833150677203492e-01
2.070454403536379218e-01
3.179378876325190117e-01
2.875101313087642385e-01
3.108654124671816898e-01
3.179378876325190117e-01
3.045180957002788791e-01
2.006902720085203540e-01
3.160238618458300341e-01
3.055106536867379652e-01
3.108654124671816898e-01
2.858919370210618038e-01
1.354553059859692765e-01
1.562504730227887717e-01
1.562504730227887717e-01
1.293264208123504899e-01
3.197229251315414356e-01
1.110542671088725342e-01
3.108654124671816898e-01
3.156833150677203492e-01
2.272721077415644775e-01
3.156833150677203492e-01
3.156833150677203492e-01
3.162028234510421698e-01
3.017835383433848384e-01
3.359462087192147672e-01
2.885582276885926833e-01
2.919022012568861513e-01
4.475659308499067568e-01
3.661948868772625931e-01
2.671580802045732117e-01
2.831861533926784968e-01
3.524490639378130563e-01
3.060157214765518163e-01
2.294971098900794870e-01
2.422130695007741474e-01
3.440301659855067307e-01
3.494821839067042135e-01
3.149978420787602484e-01
2.340584990429609713e-01
2.541944750750929072e-01
2.468929789193153312e-01
3.538577037777274614e-01
2.608708022720991893e-01
3.358358808634608339e-01
2.267698439607292171e-01
2.894998909701794743e-01
4.227140515917747754e-01
4.255395896881311035e-01
4.443795337501734166e-01
2.865783525130480291e-01
1.489088350512087107e-02
2.575587823282569078e-01
8.714593114030957932e-02
1.537137728874325704e-01
9.701503428120611394e-02
3.849713509107529491e-02
3.595604169804156314e-02
1.670368003273606239e-02
2.588964469604789972e-02
1.090002434326499542e-01
3.453502450689167058e-01
2.408215554101586220e-01
8.000795186563132433e-02
2.874924670059591514e-01
2.996644338347405623e-01
1.118742710617154634e-01
1.800131031453877650e-01
1.460719020889103201e-02
5.171417916735410181e-02
6.385076656152903485e-02
3.326620857094286787e-01
4.765160492066443099e-01
1.501737995913416113e-01
2.691413808463692381e-01
4.614649490139484389e-02
1.482424144758254236e-01
4.467789443079828865e-02
1.950088253414928793e-02
1.912395161994784598e-01
1.816910797152102297e-01
2.432271754279911602e-01
3.475730532251894433e-02
2.629624839755296400e-02
3.331512140120535537e-01
7.873794411237834689e-02
1.257508458280265189e-02
8.872706453260780640e-03
3.465177471981644580e-02
1.069857169587612108e-02
3.082960894703865072e-04
