# File contains April SIE from historical
#  ice atlas (University of Alaska) for years
#  1850-2018 
# 
3.351916907405138590e-01
2.782211974848448621e-01
1.035551492598742185e-01
1.035551492598742185e-01
4.316297973887502359e-01
4.316297973887502359e-01
1.705334189427882285e-01
8.932598869458137358e-02
1.935050749118983615e-01
4.097838988199383192e-01
3.847579972648829116e-01
3.342944511763243920e-01
2.311476198184042874e-01
4.181131858478664975e-01
4.165668876737177451e-01
2.269855350755482781e-01
4.099751567090660354e-01
4.159239278096526493e-01
2.377401830304920471e-01
3.794242723347216462e-01
2.242919617780327612e-01
2.473708806625664058e-01
1.842115577660798920e-01
2.092905098678439768e-01
1.796815000696420361e-01
1.695131543616175684e-01
1.985195619914978671e-01
1.842115577660798920e-01
2.377177785168290147e-01
2.178838670355141283e-01
3.959273206897496733e-01
3.458091835843354889e-01
2.890482392281382706e-01
3.922340012869626746e-01
4.017279895990758520e-01
4.470632543843925388e-01
3.917999592128604269e-01
3.713526586964487897e-01
3.529608134364843330e-01
4.181570072290479168e-01
2.575970475751161448e-01
3.347590705026924907e-01
3.038411294493883474e-01
3.720780491841614857e-01
3.293404462003528543e-01
3.204340169204950572e-01
3.177777068026572116e-01
3.619282561744213145e-01
3.518575190822929022e-01
3.450047088184028388e-01
4.381881510585158845e-01
5.485813690499334871e-01
5.029304711000918138e-01
5.521234716384797458e-01
5.423006470262706769e-01
4.893740613721817567e-01
5.426052544025182778e-01
4.898895332408040870e-01
5.620942335514932386e-01
5.492580557298809563e-01
6.295711149621754377e-01
5.190833889465630291e-01
4.667125736595153507e-01
3.382989691257834441e-01
1.857214482558905977e-01
1.868470084158390665e-01
1.989675872439950477e-01
1.787167700988978036e-01
1.899106335660069866e-01
2.113890871883571110e-01
1.787167700988978036e-01
2.085254260837942353e-01
1.884832692363470896e-01
1.777247107960194250e-01
1.891237829349040889e-01
1.787167700988978036e-01
1.787167700988978036e-01
1.884832692363470896e-01
1.787167700988978036e-01
1.787167700988978036e-01
1.787167700988978036e-01
1.884832692363470896e-01
1.909144704081594812e-01
1.777247107960194250e-01
2.029184949546128380e-01
2.456788732492685423e-01
2.415805366653710484e-01
1.989219205891251396e-01
1.821489495377987544e-01
1.924343236334413176e-01
4.732202755351960777e-02
2.683987365166187744e-01
1.765191152343004999e-01
2.115424460653513306e-01
2.407375443646788404e-01
8.763582531691788136e-02
1.983380666857719465e-01
1.989566251237928907e-01
1.871573274397522191e-01
2.109275310140192317e-01
2.159455106899112187e-01
2.022652201057761889e-01
2.149532756521403409e-01
4.658098286295115353e-01
2.161521032309770551e-01
3.532298998731344675e-01
3.446326630338698016e-01
2.023924899056583626e-01
8.949722154112457750e-02
2.045102321192502903e-01
2.756484608979463680e-01
3.353793760183750861e-01
2.226799523497611233e-01
4.968272929951338956e-01
2.919266685749172807e-01
2.929505030619770078e-01
1.790922687473595065e-01
1.481064191462129198e-01
1.064224880727350636e-01
2.804058296946376205e-01
1.703900235349267711e-01
3.712628033939599503e-01
4.456570536026387974e-01
3.207309735125511430e-01
1.953055958815395621e-01
5.901013878445358074e-01
6.024308836372852527e-01
4.548795277916968249e-01
1.568872724904536997e-01
7.276278989684581422e-02
6.789797091759443293e-02
7.274602265589832917e-02
2.946695788989842080e-01
8.927706024878917512e-02
4.598834223331511178e-02
4.102622931940614892e-01
9.467362623405753408e-02
2.572275975084334365e-01
5.362653151766955811e-02
1.737573932523131179e-02
4.796562540517151224e-02
1.684405261244594776e-01
2.403723094822347028e-01
8.110574937453268740e-02
1.407580457709133592e-01
7.524067047465740621e-02
1.247687461654841887e-02
3.788669358751773492e-02
1.058383358900666232e-01
4.263632076353430223e-01
1.825607553130984273e-01
1.737459950161129307e-01
1.224745846447914815e-01
7.481073894630074772e-02
8.473477401750385829e-02
1.817588946065574751e-01
2.706135233437120813e-01
8.400644177583753425e-02
2.445230682774901243e-01
3.448231880867153043e-01
2.555377297505617151e-01
1.205851568137615848e-01
2.483662859669685530e-01
2.776705256994515536e-01
6.819545384310482516e-02
5.753115567860305618e-02
5.297415457898675684e-02
1.431756828456223068e-02
3.021337213546037106e-04
