# File contains April SIE from historical
#  ice atlas (University of Alaska) for years
#  1850-2018 
# 
8.534662807881504554e-01
9.383466975337892979e-01
8.315837406115682562e-01
8.315837406115682562e-01
9.328841787592262458e-01
9.328841787592262458e-01
9.329123679657430612e-01
9.344644341877967886e-01
9.294790294789940788e-01
9.390001977543146472e-01
9.746870380600959338e-01
9.290671013885409835e-01
9.218243640568792863e-01
9.124747525167941076e-01
9.592545331280083465e-01
8.894104536289691998e-01
8.634939044825912235e-01
9.005399002503783334e-01
8.024276685725748592e-01
9.062574636131912609e-01
6.700502300352931817e-01
8.772068030944437655e-01
6.970398060034483922e-01
7.325725247221679393e-01
7.138983008417995046e-01
6.940776501572758495e-01
7.145181422247798286e-01
6.970398060034483922e-01
7.162630225240320669e-01
7.126700034500330627e-01
8.665545361327320339e-01
7.894804756147295599e-01
7.693387881412744322e-01
8.514546096107751261e-01
8.473879264690787894e-01
8.501811798303097190e-01
8.052937078413814342e-01
8.494458956401020888e-01
7.900697785148769192e-01
8.089335413151234055e-01
7.858573464016676002e-01
8.272294261988729636e-01
7.784984773544878500e-01
8.270947462328941402e-01
8.620006843674630215e-01
8.859565700252325371e-01
8.098216401658684394e-01
8.728970622495383358e-01
8.332099421971709274e-01
7.777805043236345472e-01
8.105969700392753330e-01
1.402242253797516325e+00
8.242694867445499174e-01
8.339670515834600728e-01
8.555537467800230500e-01
8.019852759386272290e-01
8.419409263808935728e-01
7.549414448819012913e-01
8.704754252515048973e-01
8.265627905459911329e-01
8.815092596879333664e-01
8.529336168426305820e-01
7.462713494337768205e-01
7.821873476266772984e-01
6.610111388404638078e-01
6.802963569467366245e-01
7.251084900001764089e-01
6.861795480727821417e-01
6.976530879927248519e-01
7.010148162417680906e-01
6.738218704789132874e-01
7.818509395256519889e-01
7.253065040189654589e-01
6.850358043839216426e-01
7.037735050830722372e-01
6.861795480727821417e-01
6.937184780254512795e-01
7.244516734684974812e-01
6.668249898384421837e-01
6.720750184639722180e-01
6.606688418895573234e-01
7.198104591537625163e-01
7.280023441246420424e-01
6.694281857873499719e-01
7.529108028191000557e-01
8.135692099731416382e-01
8.169773133878678317e-01
7.445528669685572698e-01
6.981714464531153519e-01
6.479774399519115935e-01
7.976405079313426683e-01
8.375776047582478290e-01
7.379487690133482714e-01
8.388133113073259484e-01
7.868089447229982270e-01
8.457348087174862972e-01
6.950974970327705726e-01
7.251465889121830877e-01
7.470179505842299283e-01
7.585596151841521584e-01
7.448105509963065529e-01
7.451036723950058560e-01
7.585099292556315431e-01
8.893482683527439425e-01
7.572870188203960629e-01
7.958077433116287347e-01
9.971994430427044698e-01
8.759031892355770843e-01
5.667591801928461015e-01
8.835920120871096906e-01
7.313122739810735684e-01
9.019585622523575985e-01
7.048654583349646119e-01
8.557516125074505764e-01
9.007021009195477212e-01
7.043432739207685644e-01
8.376716516990214689e-01
4.620774223705232386e-01
7.328897851482362169e-01
6.497857714605689283e-01
7.251494671585499985e-01
1.014829797809973400e+00
9.212317444787472276e-01
8.518134399021237702e-01
8.808757445483594850e-01
9.273826418404608196e-01
1.050723030894508803e+00
7.866373631120474608e-01
6.647221996493101193e-01
3.760287082064062147e-01
6.513531372334362413e-01
5.086037285899103200e-01
7.357792966606050422e-01
5.795913801239104268e-01
6.992469178584426182e-01
8.137393746312470144e-01
7.771309179587513327e-01
5.569708994434028337e-01
8.071978145454674625e-01
5.716914184822530220e-01
6.700612836110054760e-01
7.563962285318822643e-01
7.851436395445375860e-01
5.870616234117745913e-01
7.726116363763601003e-01
8.921956026196926626e-01
4.799856809265137247e-01
7.544090886157363007e-01
5.929284740816116450e-01
8.270383564939588483e-01
5.895435312876611267e-01
5.159520622786999411e-01
5.231398389296889606e-01
4.999985741887360557e-01
5.755503719761044801e-01
6.155781093068808385e-01
7.038165803303538803e-01
6.352460474932520862e-01
8.471381879511624691e-01
8.943523848268479792e-01
7.521784117089808097e-01
7.140280154545008973e-01
9.095908204325049429e-01
8.063065068650008271e-01
5.272969094619869290e-01
5.942695526478409818e-01
5.574459371779083572e-01
5.486087264675528763e-01
1.207245489051133186e-01
