# File contains March SIE from historical
#  ice atlas (University of Alaska) for years
#  1850-2018 
# 
8.912679505561322824e-01
8.615972520560085668e-01
7.865561898927628803e-01
7.865561898927628803e-01
8.881262291407197029e-01
8.986507292926341206e-01
9.069449824864476151e-01
9.095612888085813363e-01
9.535738717540710452e-01
9.467816447474093344e-01
9.739930768121690674e-01
9.455373911776513429e-01
9.467816447474093344e-01
8.791308619105607791e-01
9.739930768121690674e-01
9.467816447474093344e-01
8.586481951654524325e-01
8.586481951654524325e-01
9.045903166459351441e-01
8.791308619105607791e-01
6.891634523786128730e-01
8.380428698673576537e-01
8.435668531185002150e-01
8.600159554010659013e-01
8.520096276765735110e-01
9.333995656148046383e-01
9.333995656148046383e-01
8.116401693192869526e-01
9.333995656148046383e-01
7.550271422716141601e-01
8.973017343337684748e-01
9.139785254835576245e-01
9.333995656148046383e-01
8.994238009096235942e-01
8.929691600124031181e-01
8.929691600124031181e-01
8.929691600124031181e-01
8.930114180523127665e-01
8.929691600124031181e-01
8.585481098224551078e-01
8.930114180523127665e-01
9.192605346956044254e-01
7.289618033554464693e-01
8.929691600124031181e-01
8.929691600124031181e-01
7.939757140043049999e-01
9.333995656148046383e-01
8.333842962925761544e-01
7.841935096699297336e-01
8.600159554010659013e-01
8.789581037126630303e-01
7.606495020760597470e-01
1.224543325591453735e+00
8.401779311042398835e-01
9.242072914842158760e-01
9.118345603913099451e-01
9.146727339296074621e-01
8.853575645873039690e-01
8.555287124332427995e-01
9.237227025525719393e-01
8.797652574670434822e-01
9.348634388282568430e-01
7.681576003105045070e-01
8.994238009096235942e-01
9.146727339296074621e-01
8.214615300472318804e-01
9.069488645653696057e-01
8.994238009096235942e-01
9.146727339296074621e-01
8.994238009096235942e-01
8.994238009096235942e-01
8.878300043073803494e-01
8.380428698673576537e-01
8.948882861461132654e-01
7.662672944011120757e-01
8.833325704353124364e-01
8.138817842729716423e-01
7.948986671942562809e-01
8.039191602037787376e-01
8.207692276770799378e-01
8.762745189663381229e-01
7.170354866691738271e-01
8.887860248201698843e-01
8.845927453341335678e-01
8.994429166015178723e-01
8.458092683594853334e-01
8.416310220592291280e-01
7.753089272520988784e-01
9.428487072077246234e-01
8.180997368920596147e-01
7.343399467756658305e-01
7.514756358602137087e-01
7.249265044250519097e-01
8.711035460520774043e-01
8.479507055517316871e-01
8.162388020493238638e-01
7.656528707425982461e-01
8.273674629420311177e-01
8.497024719533919912e-01
9.104825337590842782e-01
7.855387071960866496e-01
7.874520263290435418e-01
7.521067594920723964e-01
8.978688050848870894e-01
9.039643020962566666e-01
8.153759581482469265e-01
9.935109485428422760e-01
8.967872228741020635e-01
8.140786607722968471e-01
8.863798318125875042e-01
8.078348299847811775e-01
9.262880522671312900e-01
7.283805260488868116e-01
8.634702746164083509e-01
9.654832768973201640e-01
8.466058636680602323e-01
7.428123699079155484e-01
6.698924740030438585e-01
8.097130060138910679e-01
7.378384130262554130e-01
8.149531579487054866e-01
9.919887568398267907e-01
9.392027872310668712e-01
8.589665360917180248e-01
9.409856734048575033e-01
9.741728467978865158e-01
1.021365970618244967e+00
7.454369544325143426e-01
7.015280069728999646e-01
5.601777706325054007e-01
8.504486074808925711e-01
6.636524243471920714e-01
7.207801168776244438e-01
7.087847826451421085e-01
9.390107661962598939e-01
7.700816221454888089e-01
8.421573406797587813e-01
6.190734306021661304e-01
8.114723267003088880e-01
5.783355714519201607e-01
8.026847421250492554e-01
8.104050203072101777e-01
8.937497227275401634e-01
6.507865195183873963e-01
7.523503683585971435e-01
9.148400880216330799e-01
5.355941838057011184e-01
7.970139014313459835e-01
6.564630277483493037e-01
7.839885543636203602e-01
5.862590447255999759e-01
4.994976450989335737e-01
6.661941502024234518e-01
6.647970576925129604e-01
6.247409787599385034e-01
5.410300700662107332e-01
6.042376073952138160e-01
8.142453064452170874e-01
9.043575826168031018e-01
6.805776626328290391e-01
9.105552357999623370e-01
7.346014158097297075e-01
9.034872260891944062e-01
7.644420080633939074e-01
6.564151176478564276e-01
6.001852163034677723e-01
5.375454178850054276e-01
6.151567867248327603e-01
2.319905658984124930e-01
