# File contains February SIE from historical
#  ice atlas (University of Alaska) for years
#  1850-2019 (x10^6 km^2)
# 
8.049050920562506040e-01
7.311249345100463426e-01
6.820776156297148063e-01
6.820776156297148063e-01
7.735423975145847564e-01
8.156666776074795733e-01
8.176516487280757195e-01
8.259255384778678710e-01
8.835229146864146399e-01
8.619344529701561397e-01
8.965837041690141174e-01
8.484910844309836442e-01
8.619344529701561397e-01
7.562575199839205453e-01
8.965837041690141174e-01
8.619344529701561397e-01
7.744896194066017703e-01
7.744896194066017703e-01
8.301772753677160166e-01
7.562575199839205453e-01
6.398944336486815931e-01
7.886141929268569717e-01
6.871905970611661418e-01
6.895696642818689437e-01
7.717258438368708173e-01
7.542711544017940417e-01
8.110203174587010677e-01
7.545828529618084923e-01
6.320815064492434354e-01
6.585700896595210185e-01
7.542711544017940417e-01
6.153450849311501436e-01
7.282059280568361492e-01
7.542711544017940417e-01
7.504085803335458493e-01
7.519478059864461716e-01
8.058710392633825492e-01
8.292064251226931582e-01
6.366028273817569971e-01
7.171529793270559061e-01
7.403155496023715587e-01
6.878336947848409100e-01
8.121908820521712702e-01
7.542711544017940417e-01
7.599186454880655361e-01
6.352684972417413922e-01
6.320815064492434354e-01
7.743310926169335584e-01
7.305283726010293188e-01
8.535159664186210415e-01
6.204509553699701918e-01
6.292742895809203540e-01
7.214160114424228443e-01
6.852578598072259775e-01
6.877919251113951971e-01
7.317137282490074890e-01
6.852578598072259775e-01
6.999701786868691711e-01
6.371187721640945156e-01
8.117966712257236317e-01
8.121908820521712702e-01
6.815636001023976931e-01
7.249350544720858380e-01
7.305283726010293188e-01
7.504085803335458493e-01
8.227038366165281280e-01
7.560909257819504736e-01
7.906885386181444764e-01
7.378770365751238236e-01
7.613906851122885788e-01
7.399648590348513189e-01
7.452968625884355269e-01
7.452968625884355269e-01
7.501560092167736116e-01
7.991221494899928279e-01
6.962509641458421994e-01
6.366028273817569971e-01
6.352684972417413922e-01
6.157832087089241124e-01
6.766619015568047235e-01
6.927070898790418374e-01
7.215734038994700006e-01
6.878336947848409100e-01
7.089793632649629140e-01
8.688028049619853643e-01
7.281530656255602585e-01
6.366028273817569971e-01
7.480479484023363490e-01
7.825970561842918727e-01
7.305283726010293188e-01
7.055635932693928858e-01
7.679598059087455741e-01
7.679598059087455741e-01
8.005785276847928733e-01
8.388596087965816128e-01
8.194041517489611959e-01
8.925572988685757103e-01
8.530927618568748816e-01
7.549163968248189249e-01
7.452968625884355269e-01
8.637522129481136623e-01
7.693652274959713600e-01
7.383968844145207822e-01
7.992047408772499084e-01
9.372680207377792616e-01
7.802282269826680272e-01
9.085929784543426146e-01
7.530047505550623299e-01
8.500029376032740558e-01
7.237155599196462008e-01
7.775021292490095215e-01
8.080203171435534903e-01
6.209105445515662458e-01
8.066931808999361353e-01
8.885574137631773173e-01
8.290133128808140350e-01
6.254787280532956295e-01
7.622637090961009720e-01
8.598379831615180491e-01
7.287736982397050589e-01
7.748426401981622913e-01
9.427082618992179697e-01
8.653944175514192150e-01
7.925616232417344031e-01
8.858727900143922307e-01
9.262778238315075852e-01
9.460987447786420868e-01
6.651339738542318969e-01
6.215353034164012858e-01
5.565734693096280328e-01
8.507932041400999568e-01
6.922269396233170502e-01
6.760297936261325802e-01
7.245333547255486950e-01
8.826242701372356558e-01
5.692068827449648927e-01
7.191067397702575192e-01
6.146812879069060154e-01
6.357916114345194547e-01
7.752967547277330729e-01
7.830135207110792139e-01
7.897119925450355460e-01
8.003561066228628285e-01
8.205723566114366818e-01
6.531570430657416271e-01
8.378163576558620429e-01
5.478052403565496498e-01
7.676201087337554130e-01
8.576859979093641728e-01
7.442822187725930405e-01
6.106135970350773379e-01
3.923332203360377912e-01
8.749034957246751842e-01
6.421064828173219663e-01
6.166422966521024618e-01
5.950923779653460866e-01
6.425670434586525648e-01
5.360710162141680835e-01
8.020645031433075722e-01
8.224299987577526894e-01
7.860561962444931883e-01
7.118944517127572258e-01
7.965581250664263147e-01
8.170438781885416279e-01
5.847359376650392848e-01
5.808913560068428295e-01
4.536710779881030220e-01
5.626030309103131621e-01
2.592436923445909369e-01
2.955701744608372206e-01
