# File contains February SIE from historical
#  ice atlas (University of Alaska) for years
#  1850-2018 
# 
8.049050796881926928e-01
7.311249216885483682e-01
6.820776021173734494e-01
6.820776021173734494e-01
7.735423843881830130e-01
8.156666651292152626e-01
8.176516363408604660e-01
8.259255262452950275e-01
8.835229026601107982e-01
8.619344408719977757e-01
8.965836920270888744e-01
8.484910721646755638e-01
8.619344408719977757e-01
7.562575061356302530e-01
8.965836920270888744e-01
8.619344408719977757e-01
7.744896062525747915e-01
7.744896062525747915e-01
8.301772631407600134e-01
7.562575061356302530e-01
6.398944198591114407e-01
7.886141805343276356e-01
6.871905844924679485e-01
6.895696519436613769e-01
7.717258313182788765e-01
7.542711421184332687e-01
8.110203052166617965e-01
7.545828403261087836e-01
6.320814929077593902e-01
6.585700759880946942e-01
7.542711421184332687e-01
6.153450716358724870e-01
7.282059147782932174e-01
7.542711421184332687e-01
7.504085677501111107e-01
7.519477934405325303e-01
8.058710268916683406e-01
8.292064130643108655e-01
6.366028137070695037e-01
7.171529668233378452e-01
7.403155364159086371e-01
6.878336828007799442e-01
8.121908697375183062e-01
7.542711421184332687e-01
7.599186328356344333e-01
6.352684831846434621e-01
6.320814929077593902e-01
7.743310800132648941e-01
7.305283594214720955e-01
8.535159546133257447e-01
6.204509414563519343e-01
6.292742756183972164e-01
7.214159985583871171e-01
6.852578475026255278e-01
6.877919124774533044e-01
7.317137158341032732e-01
6.852578475026255278e-01
6.999701664025124170e-01
6.371187584024794459e-01
8.117966589731990812e-01
8.121908697375183062e-01
6.815635876937808924e-01
7.249350419671914958e-01
7.305283594214720955e-01
7.504085677501111107e-01
8.227038245156275131e-01
7.560909129016354369e-01
7.906885258870629540e-01
7.378770239546924570e-01
7.613906724984745855e-01
7.399648463744308291e-01
7.452968501908994181e-01
7.452968501908994181e-01
7.501559969166395891e-01
7.991221371078147673e-01
6.962509519420849724e-01
6.366028137070695037e-01
6.352684831846434621e-01
6.157831949545479189e-01
6.766618892503430960e-01
6.927070779481866447e-01
7.215733907546511006e-01
6.878336828007799442e-01
7.089793511168089868e-01
8.688027933388282609e-01
7.281530531009665630e-01
6.366028137070695037e-01
7.480479361584417841e-01
7.825970429539925721e-01
7.305283594214720955e-01
7.055635805925705162e-01
7.679597934985387120e-01
7.679597934985387120e-01
8.005785154990696650e-01
8.388595969044704281e-01
8.194041395475748502e-01
8.925572872121078083e-01
8.530927500540389508e-01
7.549163837751411421e-01
7.452968501908994181e-01
8.637522009634959197e-01
7.693652145185475577e-01
7.383968713861274180e-01
7.992047283898175980e-01
9.372680090477840675e-01
7.802282133049456281e-01
9.085929665051566406e-01
7.530047376589067420e-01
8.500029256259186150e-01
7.237155485368214070e-01
7.775021164478522762e-01
8.080203050944702037e-01
6.209105333198970955e-01
8.066931687564523612e-01
8.885574020476395551e-01
8.290133011227106552e-01
6.254787160632345744e-01
7.622636964449208685e-01
8.598379714441866106e-01
7.287736849476379453e-01
7.748426277158558806e-01
9.427082504866498569e-01
8.653944064984264717e-01
7.925616104938650874e-01
8.858727783223913077e-01
9.262778124328663321e-01
9.460987333414003775e-01
6.651339605734849503e-01
6.215352898896203682e-01
5.565734556674558631e-01
8.507931924338474339e-01
6.922269246413783605e-01
6.760297814696614171e-01
7.245333406198782855e-01
8.826242584070151942e-01
5.692068693994831730e-01
7.191067272579010350e-01
6.146812737964620910e-01
6.357915969992088412e-01
7.752967429288737389e-01
7.830135079456796987e-01
7.897119795640967777e-01
8.003560942880231233e-01
8.205723446578425673e-01
6.531570283698329149e-01
8.378163452338851513e-01
5.478052274867090121e-01
7.676200965868835713e-01
8.576859859595904467e-01
7.442822057570654959e-01
6.106135830082768390e-01
3.923332099726993261e-01
8.749034836118070313e-01
6.421064689596612807e-01
6.166422840660438220e-01
5.950923645029354558e-01
6.425670298161950678e-01
5.360710024242506533e-01
8.020644911722998316e-01
8.224299860052416422e-01
7.860561831123862309e-01
7.118944394343431625e-01
7.965581125970629950e-01
8.170438652701051963e-01
5.847359252174501032e-01
5.808913435772632416e-01
4.536710652442746405e-01
5.626030183044161692e-01
2.592436859830604123e-01
